90276937581127395812977326158818512626966073895042862195580477258127289487940062781112525786227262802868708399293599489553949922108011783115960024672170678131863098022423216963275856440083599310928165069557616539403049260832890147170901200068918297604539165221118436239091765540674311232175615359766354507791
174795496321523377738541614091187606573987105665087612943425815449535934139030605499810015285742194890093840791161795674099456232744319054542183565607795455676709142867498780793502540491710176261881090621496883322784893265926913370591955547142789307646383420993035013279470952915357696598083122580899891413811
131402187197351826668038717056358782406499299531403428854467739216364269295419118691316255938415277940066574032084387293795973318900861112693738632636701415385190032300129384979760007096200466859933922767078454964227811475755129653459640965479440911338853481537511961814778200302447194217629906958834017303951
91354888605037051906894170305115454889344563567396221723116909787810737193525893411674287281225808539440487180905664697496028886631971738595912030550049448355915975194641098159973978528431392814915503462979761503230594890231460790694736478245767852132681510940678847423911879481061470284362302834324842127989
92138814354975641649144098428329703553142435557508592375898509694337076568279875906281025944203743067342834473454264269070796349476715518363219759711704214778969112184095399749460712366800135934570835568764346477013718766988550289658418428482345571321041038919364562851697029287990062403688738417971148040349
137652858808890967620596044643063802028811015490999264191064832141380080509434492710652107845802137155184918315271471998340136127923448982800242847888228803853722059731394003146658750625395369319918044370685102136226642858620856046004929776508621815946238724524480671763638943681737331190251957657460450036377
173220779257215754428308740297515860680403784853022849892221145325652316030185411354320032909068724624595202223826130722792374853029749936609330346674323932865139099372263365696919579962821492269349041981277655841731012126853558766349861028838329399215475821288809348280317326803265389408662878550762177374661
154747046807268931975913959047944590690713030287870338663166842236404018307075789656041763592166425588738704967729105148343270752441071746158471715307433260988610444390700882142909109605518583891174748920287646216378998218583223037831423369891700906277570721688726896312232987435702354628866237406383744818333
106504561666296986377889037048451778170694624283533478749738887200844733317149594939926836879648059928400214295528449375060082271149483226749047172616454940151110736439207207897840676756903362611388283336657909609812777281627152277352910262944842096679297817604670095477451651593458062944827009972531403908161
138557142302096606522789234777489570927704759778391183332104950129627758517114905014757142258533733177171643782032611918395680536656748961884167316683842683126413245355789298247780981785002978464927280339790907581767488923865664849584483095604058940128447316816801905472208660576778420849317321880830583672659
99277341645623140265234616801347101645503816667655738228115585945297412879554613194400193502652363729437410518709949094256035094875448203503285609730534301732920479406589208875522670881132263247951270806966578174159080733500198793463183419490231279960829198401078612054828302466368387821818618916124270322277
144546930602096337553055423778654272718319551346223328516662868201152908847873664177648507602958544028302357020359749987663881299845470599676075699089259727580822713205515099812501263776041211217332695326948656489544980128868617723066621728121160601890129793102791128380655479235296760652533224819861302759249
117205637222547829834783532921948286333618290657620746930714263316146748369825714666294421009250711710864818444419149820760446918429866990795673463399829799146460811557787009079945344263048664299986669848616187618403794597647513541188274284974256398340474247281577226336182789149701687221670497047428946235639
121949535377065164773857885128539837021507120114517855304997343681712737125280875147544026301138464072847275538065245104671498045016043584592589157140819502007159326648183773111514241961852907182057659509676299362678376526471942932619086231276926687864349022579761658807874885872083624655274222920107921269233
140201843671908589845164520895876008265588008095872263318318273621808809215937261532442658083599803874974775808063082065079595116025809237665043042000935185518880876378114162051198172012355162977287802000269155821226912249014228897499979845057427720021563898904673928080639538033627309103263296429456630162827
167852551073812380425549517413548701282318824575312946581160345878222406869348152039039585586595852999385519478406254468214304058659732685436162127557006929599850595494186936220023803895007873374330652302781349460252964808356281740864394281297780931769559296404628159524268945468276536643554774985002111643579
115262386521387588026714275644638886037110033703761857765720491550140801846341640747004569516740506723324439217920696482557211328056510213836419253583306398331805467399673379988234437195149512996895322973731627478115037888440495614256197579658202143377147705122108304071870498938587693589225264656506577639737
170251114754733441775826692737769316500450211226074133374598598640874384635121156964636028452591629230069811934715773351485523894280511889238881062971456204997934880348762257011957007007707985569905634453330262807814184581411897392585050206401143269897940057995297414389373169240172263166315840994492627272401
118876956404035788527099806626675424256720304554342334557393403193661363836030668495480650394796509715581765631801931857789709723037670136843639816280594120428093509011418469255112145507827376256844960421085815137241699479036399858731220173699912929969315236140253252446446740144557857782502508106353833465853
104254435573937740106928648400177269131219557823867793187545522198092247689514241778644544615727346010817952723880853559881900710171177881155913081438379915677868341519197456534507887722922680568402714761518244064781890610891675539398218265766923228791960351315778814142771181320363753064559909732202713944781
153999786297229293617451200360505051042009503157327733558148021521228635641691146470481625344000341321875749536591563108445808083382844885763026590702085526963321439426807705409896948382997460302554121310442865489906271731348898756638241996262888799283713229386723503618972676577726625286884650742678526494839
123390386978122253665570694555478916242666710856602505683080269784745834855058006606890478936855900162036874746457122398828725946683088767732980017531501769975079206761483772813505269035247333022562253347975004088848202090753201320633779937231195248113505084243360169732222542790441949358591597536287658947689
107762190212191928145231219912901620130762095577562539977353427383292521472777102279793474583381084251749949543673474795381365755096046124008764326336282038851168892642312870903129641425784139962693047866624067813090446009368168920289436637650679024528963705149464081839258021306351714888509345394178022305769
106945559243916208582149387384690295004523925448107860169905500631446006828198942927683473335935302235021909587328460562576742952462161298891874556731776751014129619724526890882062043858947885597402449481643542123034067003808206741144060217155113705703851314342835829502253240686697868538784975506169813444201
109866615985018497057499385387169307352130871749224342950031500170010772239365633673160288765385947220842701897561249643815759404479527630653187050352421023967588378613403991952571212567072771062659390438037450313462818811124183090864165177817719507923492512664866231972390573620926539806649166756923439275759
125369913448013082449518093186057852086177138967518315216613160278686088146095153529465459405734775802384320388203284835253078554616889391004317844173494381370669643866037314709464266385763647148453862072948721500397062887358616614093235990351120255163478500885616748087370049274767541327104059098798842554223
158014178503521009495931995173728166913217662119159098988561760814378846400094984952927276231282281294678231139153434943660254782219157524354857361406955838265106510020402288891905243847092007088243713487031405600622255897198886892214493487597853685417448956647253108572094175488531489798736190906703213087193
147610248886145512481537018074734392139862920974864398994316362414879696835283990009909769787039652187934922914994897750585959787109465260240590421422668723902073210087982403662760783078324542330501765863486364941812743273391416779004387015957657888902300664177900834696895920997879144665174785678712999751633
179344827924570733313263961976293557151126297065957874212257454158569980937115975678653892847626181173905312109829186910298336025258534376264618029059820111303812480057486419657439282769747086642015766722200875386356770855393494035443797972980081455533978226832645799337506387557841301656735543372468757517147
115270554830165703383411279321699100311877648145872521627917940832088827552715611651239925585481866997966745194841841109680872487183721689460169046958800388965621866275416470686462764760634628746417713504198627783453050460163549847895389350822046068542511215196085483044215917387119478781237876499401596582307
174400863812701036543553589215093819708673846204254969619260190789218701004794083197384905203535238558245349329274893833949541025603628132905566186040423319403578108504878588652641575254968628789735717832949508061946472113643031168988042140549335444440919739307639564145957720422038419379132217940013683698557
90721907672345548765870809410439359476988763008287179797789530205252113198241606038199322070144973133200897873836993583701859637715425095316927481993814821720357671889804239199129322136972180132674040324195442836551177471428340858625583868626425826451768423546653868016437838988546054806036211343619071745383
122950759402843844168406770985052537032262528544063309537698695692694155646093321234087056035023225702967045250898132649841910719110962060861488063436493676118088320185707270658802732202464959204212075600562655137978285952598445173925559834582649674883572977358635120938782276717758860265311835439062818496441
140941011444821244788527289118566843278081167903368985765913374896949135743878698063597086709899723315734920128189003903568132232531959891654477136399262407203870165318729063410926848858568371210977260048073592314598627589446767642686857329562328538553614532737809331912983442759754011026669177597484438979989
104438806953079978018476973907102912437301939649305382738674775046562991878492162733512721869878357641788780335950599904122279691726006168518451155463836784428713322382122465925496664406795303423496556728054911683817440756802452563780864615881755256276540793630518276362437447013232995904671472628772936429287
99115381426493637314843255608328398316845516833388934419080928192123099058549990972932434315955257187152353821773215502791557189033257917225269680897901754786782960451837005428848685793914534728457895158783565277282307984872559019356313500197840148453396327817773850802763248583859272989271113085615659057339
178270531949115392888208625681770078696092362540390102997962929164873019540947041987676973700653208492166411121397496395641106072829417200215017115213347974394555931655278797668297269979697947768491040067815250088971731537621779582285975200844393323106307202123429169622878377704404875564311054039436193542923
104958807994823195018889577347577138333884380705584734153927171941890804999788680382112242184297794491647157748730440322930120289665832112679784970354065391169349509881075382114341870069090956214401041784387398049978987939719068162813898525885204665813333640386698926178721842355358650708609477258588405356731
98752369543074560525957187727854783869981602087813425693191000858205221572865656625893824465813910473698920336058132511701494999268361229820718049714451109357251874885776747524044673651176769055171835797285116621022374394738704577658808088819274394524884071866232852457109142446595827786691484636539883619557
107555914233652950428300314248535808821745049145933294815726003197981013418412894538665250979896330257649552919998052818511521436674404015172166538992339804460633264418793319096169772596006280389053503935467900163475661605834236323472121484566352509043439567319428501637876673515320828015401989790089919136167
121895457948416264570119480329538377716690207319583299672783690278518816744413007524052451766191613852798196341362136039354591845513886229523891537366972297744619125532544071983964725773717146128556858465603752500177023926346575386407793238456049926576037086566523050350272945282231328826936857348424167815771
162427508720863448866440413906206223124085795892899958919035710592950421934117848455430829055042780242521640159409880930794318176930946638385040531432606776834820696642545331066185462217127385667594538589092127055262201675904127813642501463429482468836476040122698919087132428671981770793236295149761536245379
133581606889405129611948991932119915224079330471606358399834197533315915848079944885057561424632910132940209100144851820977682238776618896831316974955645600632202614392667964199826433722471267065704290668019098102598904802128375494967726151784848354823061098595633770062330470434606959362203985933988396371413
121288919015520274769543238556481781235495104942262619955241772878508425068056918912665300849578887482159311781439209363151864939495831134573987239565963264959263421418578641539205317453207181934106610484513190145212415210225121354079597839430430798751531822651068644833397782772969028583300928464487207906283
172906850349122796848987240601865642493453291691489353729471128176974872180213886456684318158051848360945915037886994609344647886586350609497481397634027542813693577398054893479200131091536525611688776906480577917733904444498877692061497509635132577240848544953343526961554017983270103396462584624251230085341
105801211004703304416859228633269769006297740606704159670887751181993918710178541702996137089230417595706284754421165932236405309754208955070896320496438362365158791535780740642871758783231300809542314496454633950086687041432040198577687598994906319799306565550503658977710219352397521354744112741524629827767
115297777194144967444738076218587998493515369081648815996371566037549506200046039637259137453240567813286051511228516783052804334308274254739289475942585997013640008035541274250329730378319324161888988608709463883148455410162114435570774222428437250602002736736315664031784026623700052816282378874335597099453
148649493086833107220010782880423539455449434923788970570323553370637528278416142811845808002913200029471266145597865163974419369535443529319112788210717930656977838544676430610551428353647818062721957064305112525370479373580077549118471948155027168990472717390539416479315741756380240320642854541501597070881
116979048593495657191542864912270125550253063588486834499562080256002975415311678527959510403295259792509731451000237694964969767158991689148837544139969112114776415817079888308618366310983768138630791277239944585311016025221782266110080177555538625070960326944693011218149444438538069013217886913006068926539
106589054435078868579980971540019063310774050177163272620955641100319632062324671317862118617596186492080358061733303856870398976282021784415662625808851597653144197814388033413264763896609076864865368767765978606298158551792782627068043156734185211599977320768678755172888293819716026431878212597059495182517
165477570555882370182050550311048449742527205994196492516314128702678516171459986530335794998173394654459045962101478979917671548652112797003758092373940658752535426582097938420452633952453183102839543730837576122738985369442900170553529718653546167705373868059540240578183711373209930755657692796665467781891
134171355388696355011280008822185112858374713439644086720908708241769066153736714431831771265207275004249406779729417831044459422937820936151087408934304090376655107542457125026361819861397720311496410611008487415476822042186690437949017985101808597114632975564021865567856173695905918433566738917248962119153
127688266094139946980285722421367272999010667830934522732477500842810880337790273238691050664177055622933145116679924998920444422223332316281794109966000051390791621068539644623941292395124199975867635848188533560308922615987533362513863152942526759933010954915868883227783041700183553838206589037762246813829
109456221178423878735919309714076992754520732275493601562826610530386385611254274140817738562526001677517229793422251043339606160075007651358364789778446536339054500117517186273058625309994108050703464406025290858004120163578389598757393144422502676196930077670898597421475614645656957486343297956271175438619
132368518006792360034526619399282948252722331299331461672294802930346634443331741028282356385003907816634246737106248911106573976960330937992179628222502324103071728471997842599624289842618232040259085477612996070856697354489072413601780383244044957410414642834255181143708731160252729765319787775336689936199
158484071582423049289260967171667982403529684829622078184927308200805550644092525766197702225116430221818080195039580488883671592994000237255990586108072142844082920113558266980406915090275246320132775603899573202116932646444117288052990971454986576679309057150851065810923930209453114952104693553231906440451
136117771609000213821689940696004793237914666781093209757562052302329914110951911632529537160305207834085164755018143116152683141023753955954517040288518574907893760347729774110054422820965803804368621963076496957687023218184907506782576099664840620434637888835667267746673328818546184009967455679798048192657
171523059465596120865586105752884597371817274280814538722467867884142018670981810588033139347665253740270709549257381545809183892488517155832066170593477728675200531344218100484106123493670561367754392302708274631090573529437715162298970369519988690913348231253545600128674093760643724490559743936641686643129
143771681416748122701106102011056766820701324457573487596294568898030096228369239331918322299754940874832811572840945936962088552411880527815542273622459682025990064974187868788175265836223964306608909628598818817930370776839290161195736668810177036808774601830718346728339248433921426726491043864092737032059
134999683065874025596705310403300149207328517240993173718883208365636073135289187520451246911375426283870846156083847890382903975967019095212909562221596235346794443686637339292436024508419214433039752379630409410628625625704747375528916204802836255570910331163800250993678025169980977142716377040535804516243
149530197753856959416253310541013152563859843265060781588165055892148233049269063867530864575095194539232053746147130761343108724173695962023588183945884274827814139864957656720208635258210505777970328161263479818276506481612731022748841553730219200981069759140284300605612559897819338646361619613638025726123
97523224091709354375470473064027694897419064837043739011525883570494980402974191684402831634220527184963748961756642540505925074000182293567793606728003425201376625784983716972580078449342414211978672785814674472858113498541585558677712986493230668548742615535038352584539703593429356484057237726142387905809
92172484918841089770323141167628695009420261397250493199252994949718207352594046852019308327626095821939211008947275049573984541699944571937030185858790576714633077830709934386787166134670334680809337376393213615809151148221521537883089757090828315546792205318239946256792455599326880283501955863432476668341
119735506797442314066266147630116701137009899146539272655402038593380925989669617032045712760512216572673741421456919930853130349121942266284065716301903395291042346287579281411310608506926444112418256355963883065430049659361746888280328374998391533930610896212844032872887814986134782494098257806506307995061
146985304745877529465526152760223396220678032449761623493472483431401057497606611711642078511362703638168087813203577841314290829289220621223471328407088928019677099549542282403112090047128604001045154200916898411911191926405976486856610357816209616018772076383078127554500889444405738782005264714268235256917
119246070718214574010478706151451498099447263510001937339862844441175094536554389917028488398602504993252760974774396621992622324687452430161384295754732239999775772062102177948834625532511438084896234646276887694234229304678425344203638933124449911965392308964758846935629047106385284498570811578658486934609
112609467034772369305048213292947801573114207464774246087123871514819954600767958332681641413779355409048065555969581429362005406637126983128883106549265122728654244049983304093064093198106168492118838631288670212128358352111006901233471886749401973599113749673129249349194120850275802161173389197672080986331
110261067396725708104446741242962249884842730964778805388452623732129684083937198518288647221849963206938522352945775688178052580588956020984388438448104616185551949481628349334694706639468484554327764326329830643489441302986623273731540945526020179031865027464790291743803788286385745637640718108835701493481
154906508144022966679210015446066124544680878753347492199350244823831861592309544131639576136822135999156956102248794302062094447966200443749908416284992862367707763674912051850146107306152086753583304739587892556438049509084175662887975700379657589976203098332115474761887648764914962877649991667107055113701
106545610551905325345594052973477038642350999769732400534607077117463447904367290035004455758723563962547753739241769934708839983102069453236553688684807226807915600531340914172515005581885235100177097868986811031046920442935705111822073774710879099196841761197478183155618656431534153123971877554999440894457
134591667220774022057094770046452688956509517559065272816569695991357952813050289542620733990258917895933811574062114921452685975819862648730839225807618318277704367602533111206811143345362311874900011697092335863870968483105691990530676334538638662497987869204224515419323336525388975304096913070631142226011
129222485177541563472357461686024271868865783497391855921520470355464283701969893027919360194390240480408958333537728122153714543136743612604382462291302943618075411879524243835814831427807826720936086946408251930224987706745497903271881143406493186272246416248931392417442810839999244097199188839549199589901
136063863732930849725872351354807175158355675795040796572282705638068692834640889572480263387431605177002763917532096033441520148346689613582709720694559864715596681866464722770535995059134492805418253460423083904260483773554399914079903434351001160053177235810861848394595348748792058263429406162930074542813
90341353212403982218375113688411202494375304317682143772982806597450814272492980134893730028550776154871510906759031485970188697121807539521607461999763525286426684168606820709052900976543250246452309433887237712506264578659126168299507071180134165462521285066595710716521856787240001833644381325502818477763
121234672368355361801543091653917851057571048396640100281728431659985589682910071086885595522628809321362611282496967462109197727314493002252233981047929416407913239159959801899980568377841570543089015310841607934793659435595865935923004661933503713461293866093938327936328986676873423880720373161549616853177
114915199639005648738714170247539833747946325845036125158508256667647035267980887926218865782560222580513744118823133084082728479662690806954026616181626532730625095025969800926025380895290292866900080808240419165317193358229539078868651253013576278637645079545429891174180617662261773804444493539531562239823
174241689514672174875093811623631829755889618404013637069675791473062117044815890918101192588319980692969179696065200723519374270035182964915198928181762782541581579645763125159432398059747395785092942995339745188173253550593910631684634452517489007630137790429022915763625350257518170395782102548842928252437
163441584702507053937471531402451607489365013741905280209815824541735080080438819970882281432101617853116611730323639754604877399677686894394814810169605478350552831876530330883432337387737268601415834190051464751059984359124349290762557018456180144404403918544391247140052646988993848647254941114210701767483
134374101548900590701995479586103009171988024038901024116761093497470076520354010761496622854551478285779338399912167905136481915233019974474246029114867062060100595482840156918801062098392234789306907605041296701325198501054413213072712329274029894273857285145754792465241756621811702700937229022748289967563
114689526308908683940446471934128212616677769199425785215447860776326775127848681218111557689131782168727835035386687344322578270605642078732105100805222035208755553791062131931788917478607008365670232252664123126387959998173540250978376415465749028823138873683558306448295486637150996637552336012489833770061
96664330029179196744716850819702050475042876724097463679702508811524362912195636822921833822013925917993611960793520818362657089475089890955168246528793206305207634808397043653835246849522267090769584766620517231607663093489709450902798548388308898888399847372453176056614162773315507712627226538223426119219
92301872008512407572047089236147753446225531452530473498770996698468685216406152940641227046345511086335371114442484175385506125115510535200534333253405809075817973459913515913578423914175091085874179365116811714877864929559039236081097440217412485087335487113389473101597921427651179256408976156268848219387
124260592287204849099634133363756762396785053405541318995636245247677211231740062224281860883948560524183698201716775947080301121371938701378200532082403430689173981507744205641839846592284910780088334428512303427350164099747488151550627930658765517776258859248517660230845061351433420059191456440921535400213
125802828886054503374772796914889726084989907555708705189454141441015384092114783766029857586415354196376645249719161011260740595996587491798566075657590151932865709904860894674044790553653290645804888609496379069095565037437011616049242931668335069384016938629902904788142528245271289613514560900301435380487
119394548918483388451008914703650777021045606122338233948095209592212942722435782311256715441169638355449865334736349373091183840101939088766013580689411712410830790619237634601916677148316462212784918597382423261637561749286796543740314886314425889615262245465580664197565362285551001147436747230576533002349
136933049667569996030392097450630255493867583331175293754400082110501324949292504359564477308666926995863890624419997843441732915572702032825291229298353398658416011035425308747072800928698775636772136241573241178447999885347969463546410557555891448619920307045883509091519360310262786118672068273845449756229
116741711982057324371290975183336083121969650886942480477412077031896941140015387529976695124437383955733024874234077439895498764556821268360632224888611887332831615497647067835989636556195638817643382393731894797588766757089289828271194599789689624696107550023288012089194150984238450339705228246878994525393
135881249981115451598029568113125129187025009562454307174309944630102754424448923888185162475686275934246460829050056112266830451743931106380526026360471432038331070561031006886017832712812295214209395094604330722476125609917912465418164674893973035869365109370132691360714117912941426333353905789147362901287
97785830676278530442349380133239529657751157945420674595968189650913695984721636714633945207485861788588731857474937658643540860294891645495155542168030890041816735233293446088848746900557552202857291415605733964037145412076121933152340369901546176706696864307474048644432327095566069181867004025886516577577
97396699129296828682044424437998058010122929103227098741828147334071127300278616972491909900165363961758211478533131745259495904195197086272470707043326894786099852067730173104557287809515766717071233838776673149805664236018331594315381286394050850810558139134192184463164721941547409758563615268640369189637
151933644474516018913169824300843093320454507513286841055119451923436387280579532067690461380476420464205866764373274674223808166746499135892286530996682042610207152504131085253424149092938362039352768423314319373571558360006593120830205102463917215634702283930964450350519165880747726517943580046944900563161
168595986560606624757782694422475694479749751199536624108448845914344704897170449812790982865675580884999902264811661546507800035089935407304458008809159234998225544081094415255433225259223952812479075067914766363027130409744494071175136725391301661798640945393634545496437943830661135552890822134813662053111
105573848313652429266388105014342079678176707112602349906315678270783240919065223441371364036695284657127571899571456794945431320060743831183720131675073883847811827439093739940986944594316441139450770153465599295569347876098116815094526113834705556499920499436378402223137237110267669616959908799279026402387
178919371828914052107335384571390781983228296365718181429395933052791212302155009044044838938815193552683441487862747163008653536687776516686522230478088109325625166146353005187810565880895686715452370307334675082834591765762323220632481895755621108911460173134151865960103285233771149675657143848666416496409
179026274529576963713481358575461459678755791692988938168184835869399123736029626286985302315639010283885534514222946871557994186998666811406453136513934522950958060793644841247930535578084011069050932320101783984591036881285930376831617473148103775487397859084166402934028152921339812137536134320571796733869
126651499478319293710836402717301998705691036744425444168192134990137750042156442176339660422384864335190970908583421101410447784746029504529871697792145201269046900212770622318950540766047080032935663330164391143501605048115701066699747070031348544871015449345655783660604138039117104312033691927627093504573
147860790448951146340033570937347682238838857106764435396766273132600139091718987674383289956603078855905045461306169007307670084401564136793325673841718189978274182054340395383891702098581912141329741823685861229252803252581317714767752134771585249463195665516992276509195846872875558060327453859018717698763
153090372872674668350875813440390654402643705283074130063331542862814877465921577076439663145794334237339592732129150714076579033051705903453278793965007534689233082774223978787514451200585870902901655864437259574538664418693393323358813325326647462756536586565939915871544483672176937902107909907354447132643
179502617635528527631445319471557504334440834215153300471814309016874310430878636241691004533249858181064311511440981730705592189176418719478211609971447754566971746166517615103252925714698954342404500504746318828142270366033473376022033308415514627600530174194004983997845414055239594752250987101161025105069
153418486151679919174383675145797918841901674518801350816596808004781048394309693418576355343782039625562366084375505619992896850702088754171220094146058537947370119177799635318818508261744173964768107731941707190822403435614082105314521257043187594227793527384856260307391048350279051679991836400337916793703
164909207595762482906425724319393523207293978499479041902581502993111753249121393608636056813463994258717621591738421055972082803234214693005282089861767034470051402914691637662148832414035991392469273983150410076890418157180071693284171758474339549203549646635912958198642132603294878054233823711436214930843
90307040901114549443393933140077629431550019170635018298667744603098626044929889317676877784215305306744747212675857828308930494155130132302481265013463758972366470704451724998876468133704598353022618048458260629466964054692490161360543770488742822909198768015097445420461720748796855668293095105928969486953
128887440010918436999041458946357215203388144970454957009443540878024612093805006814528748076424032275255986466715205791866237460766574020406658180344132796707272582968584254197426904349590267582279068905206320629781400697502466434189128310739918596090091978480778478099470785919684332903783959578745991532091
178455193094719043430726402296159363085415287148737762035378277734133883351241085096461940371774454095325908275162099743132531541728277497757946777200458028550333447090670572288791491041822639406915450053183484092044113449113574233922999024721985908968546593605190396586205126876809678960847619564056886511287
114650734132358657456637059659032001645825919058382429634670340201420522202892421026297486239398787941261009898964324289090349395187639564636957341650543175351636531095168128931526543044507572886978824225463948247760133655571642781693873272409807059270584082283367965439971212515695598063167451238681332812319
168261921841746607600432196651666688738386203676717893514043701865151996540937404607578053144918882396547297659010798707974370880517422842216474980547627796759102872514476283694854727567451010654951271419114902677427008315597045847643521418164839289998379109521212296013448160760848948249913724725630542365199
94656728628172991424371994410852923832363054938701933161153047870043968631551848205230429433922065883385270101564858745149516629653996959286989610298379496975640938398278323511478348889450715927734990145857237256509678849785482216021492788783009394070151040980433611848987874767466722314840769627859067650773
145778998572117163626329830378495505449219711404152472649779807721194571273780932288417699157382888803478748908255828817838481406154116677279816910525566637086619096251460402118860034002316724163816863745933999898866147009775569172065795036683867921466166131387392672915047643186923344563997544030218443163361
147427982275456395434712984343310002240313993644648559286508065158182744115220634436249484953704609898657397286346589382873602817664204399261249097604310200727038634458836530155381623994533243046295566784094764257837164722543822388244160612915131989706093789180291313037366711012356917933184860267691943503953
162579646785543374780487130446784808199865925817372439522109524268533926021570814600172165194023412737753942389159313554821527489773694322821777476648240532039501658121510642487810676840473003351629275235571693803898180502186814633815548108761449624950916457748924537749298694336904380391301898067677411200563
116667192587243460841654550330217808515459465983548372275714199135787492953587547942160567034672796061162612241574699176843087826486152635184045567493044191255133479270445775388257002244264435892269187622549164221039793879842647406082661222344508533902908708290646056175528489153392215326046458153234892697947
165045097437847204386268555207565857217747790696679660308811134246796146399245822225905794481859798009616954723344938697556686212732130069962085591395901696724666769933435442666280403100306731214448864140275421062817354889280725567617721388996697992238809065832138914395098755285248060782123099633638443202809
174339760932090534969268482893848717378978356449315258129347319587747785259708575058452238461138717763538958165995199443233498921953445812030939590567017943705060338932443593049475291193552347317132431309426411409221495866247382035061997150911167500052627910276933209839401960851532648508709112165604858026227
92376489570097536673112857388435410509406140032438131590664182005180697539304452666951249091302137074979736621975034152412708350988829758576564593437084255583197414930778702412672812542737357804161131768084672138710229344284828924077730224388190669722807209906835285894381253695379098306361963277826656358483
178670531927437743055807705178722368119294177090161512686626385019689459204135066504897612457766236887609690692780530781589254772214699467274896652929723353702805215104667762879027680987294108479373735617454294758211965217858426583550786306187428736956017148603086108603900174508500449953615087001998609273513
138418338916123148762359720848850197566641534764986883042998163244181496469106771842907758687838873915940742666891487847613977463927480931772135982310182829776511725970134519127423808981269897009164048077872073240601572737865593798512835945829126589164454766888659143314736145158228392525326148619546348404189
131696575368110799265762144893299177485840596032712515455214804557625329676269718038225461507985186989714930140429495290609235046122133460544136876109650748209876455559709814344395103853794309234529461697079865124114720636348901085782921824113292854708010104694651202817643481609304336735256024184578403876473
114265550761189068415912534408216290580905294744140373512958088104183476421566320603833859116748584112472787180557440608033264603453571638962360009335413516605205937452693860597188586868270755644157136723549659632778303467526096471292086647330483012995235852222922935230690189578624655906026409769547017899427
137733434849107385903696965802143928708910205429354206697440874782916963874130471192541696882439942733929547493223476195233008532106058414923597308994903472660869103766031896427231879937430636919481750919323404752633797618748753302967088349582771199176509302868286266795531285987070742782672073332504616106393
148201546119694588390251871683204056545399534130556607725126760597737847685121473218670068936021441327468945626617025109142365932036674042729245115764976654452334322626142696494523484646859826571262865409185175137103876987041270767534762607060820575045464293773070327550398909991610149153025386146820504548147
100808547999594192080402907189587224413811612425874256695088741970098518631700527897371731115420877887312402284213465153553034263700080825803832288886255769036382099837376668486853167213183410873864088214240590365167690872003559071710941986885276894973681063124540647231659677755003291464454366192550892378073
97464931494083025122380696671645060617367561954269434433594978585344777676221954187524255912275978012501346504224333329176342969554801921345397729657582331221424197643525278439568718475472552904967299180138251933303957119546106412461637959904344371246852702424523423201712788832919585925468268527637336346317
105013478557783154296207568598869760119667810810175094327163546656694564265892180824191725285818508631890003024489670692441492885918406965084336995148282236703444642356741529944775880922170083600761381204319232077315755529333449527070211077683980357883096796180839842459768640376460585730498093413394594809207
97818541008418677336088092297359037328086356736302216446361187113834045590483541092276277217998408502428663006489208515704883506575283270653221725635828555254139853742353502401484538256837890016671412358508238239745412486974703691528703283319292306780690089844469566229754714155757751809890901823888799573243
98658077170358505553974069137897111091724149204862789399495328674268536845966324381507633741325643496076636499895196923827527618117922693312476309157240554329122334766296131645924133041986137416724516064511910896776323934247538571607578155016736062791931749143507852556465363780399867752359859776885390305541
142552440117141436588060396551218188490089103775351211020233627888074775221183352368276921811326582670501889078225766720166071053745325799226712300392086549061154503781461048916371323246321235420862393413660807618465433082549653428669332288837512025090992539162879971985090511557105428939889340925947242326751
129646741828899281564845342834479997441554113470670539741168866323608581429999381843268522224127941398975260351603536650758673904049185524949115807758080416639506901039691304772946037535931813604630266776504715751055445823695120960977960605938044060003813813626566636147604621299920409940706399575466111582451
94877128945435465594991917908543081122855743077155630213828428687826928158832997567243538588877928532956470891860289132036481448372833987657378667675052740888900454993819550853301326318818201291650693715370454916477891222674895208526935730374525347692614223098448051590129446397276811099569239407942190469689
